---
title: "Analyse data nback"
author: "Francesco Pupillo"
date: "1/4/2022"
output: html_document
---





### Table with nBack performance

participant   accuracy   hits   corrRej   fa   miss   hitRate              faRate               RTcorr            
------------  ---------  -----  --------  ---  -----  -------------------  -------------------  ------------------
01            0.97       23     74        0    3      0.884615384615385    0                    1.34506082474202  
02            0.92       19     73        1    7      0.730769230769231    0.0135135135135135   1.11727826086999  
03            0.78       21     57        17   5      0.807692307692308    0.22972972972973     1.34559743589621  
04            0.96       22     74        0    4      0.846153846153846    0                    1.06895416666723  
05            1          26     74        0    0      1                    0                    1.26356399999999  
06            0.98       24     74        0    2      0.923076923076923    0                    1.10562857142843  
07            1          26     74        0    0      1                    0                    1.55543799999982  
08            1          26     74        0    0      1                    0                    2.64911700000524  
09            0.06       5      1         73   21     0.192307692307692    0.986486486486487    1.28666666666668  
11            0.83       10     73        1    16     0.384615384615385    0.0135135135135135   1.06123975902581  
12            0.97       23     74        0    3      0.884615384615385    0                    1.16982474226804  
13            0.98       25     73        1    1      0.961538461538462    0.0135135135135135   1.27802346938784  
14            0.98       24     74        0    2      0.923076923076923    0                    1.12608877551021  
15            0.92       20     72        2    6      0.769230769230769    0.027027027027027    1.19691847826346  
16            0.07       7      0         74   19     0.269230769230769    1                    2.84989999995911  
17            0.02       2      0         74   24     0.0769230769230769   1                    2.48215000000596  
18            0.08       3      5         69   23     0.115384615384615    0.932432432432432    3.08961250000029  
19            0.96       22     74        0    4      0.846153846153846    0                    1.55505208333255  
20            0.92       21     71        3    5      0.807692307692308    0.0405405405405405   1.10253260869598  
21            1          26     74        0    0      1                    0                    0.966447999987595 
22            0.99       25     74        0    1      0.961538461538462    0                    0.859646464646465 
23            1          26     74        0    0      1                    0                    1.41606499999999  
24            0.93       22     71        3    4      0.846153846153846    0.0405405405405405   1.10971720430095  
25            0.93       19     74        0    7      0.730769230769231    0                    1.07550430107532  
26            0.9        19     71        3    7      0.730769230769231    0.0405405405405405   1.27573777777779  
28            0.99       25     74        0    1      0.961538461538462    0                    1.190072727272    
29            0.95       21     74        0    5      0.807692307692308    0                    1.39173157894612  
30            0.92       23     69        5    3      0.884615384615385    0.0675675675675676   1.20735978261155  
31            0.99       26     73        1    0      1                    0.0135135135135135   1.25997070706493  
32            1          26     74        0    0      1                    0                    1.28611099999845  



```
